2 0.5296875 0.1265625 0.525 0.121875 0.5265625 0.1125 0.53125 0.1078125 0.5359375 0.1078125 0.5390625 0.1125 0.5375 0.121875 0.53125 0.125
1 0.634375 0.0734375 0.0078125 0.0109375
1 0.2890625 0.221875 0.29375 0.228125 0.2953125 0.2359375 0.290625 0.240625 0.2890625 0.2609375 0.2859375 0.2625 0.2828125 0.2625 0.2796875 0.25625 0.2765625 0.2421875 0.2765625 0.2265625 0.284375 0.2203125 0.2875 0.221875
1 0.5296875 0.125 0.528125 0.134375 0.525 0.1375 0.51875 0.1375 0.515625 0.1328125 0.5171875 0.1265625 0.521875 0.121875 0.5265625 0.121875 0.528125 0.125
1 0.534375 0.1 0.5421875 0.1 0.5421875 0.1109375 0.5390625 0.1140625 0.5375 0.1109375 0.5328125 0.109375 0.534375 0.1015625
1 0.5328125 0.13125 0.5390625 0.13125 0.5453125 0.1375 0.54375 0.1453125 0.5359375 0.1484375 0.5296875 0.140625 0.5328125 0.1328125
1 0.9078125 0.47578125 0.01953125 0.040625
1 0.8109375 0.290625 0.8125 0.296875 0.8078125 0.2984375 0.803125 0.3046875 0.7953125 0.296875 0.7953125 0.2921875 0.8 0.2890625 0.809375 0.290625
1 0.4859375 0.1546875 0.4890625 0.1609375 0.4890625 0.1734375 0.4796875 0.184375 0.46875 0.184375 0.465625 0.1796875 0.465625 0.1703125 0.4765625 0.15625 0.484375 0.1546875
1 0.2984375 0.2359375 0.3015625 0.2375 0.3078125 0.25 0.3078125 0.2625 0.30625 0.265625 0.3 0.26875 0.29375 0.26875 0.2890625 0.25625 0.2890625 0.24375 0.2921875 0.2375 0.296875 0.2359375
1 0.8453125 0.3390625 0.8484375 0.340625 0.85 0.346875 0.85 0.3609375 0.8375 0.36875 0.834375 0.36875 0.8265625 0.359375 0.8234375 0.3453125 0.83125 0.3375 0.84375 0.3390625
1 0.5359375 0.1078125 0.5375 0.1203125 0.5328125 0.125 0.528125 0.125 0.525 0.121875 0.525 0.115625 0.5296875 0.109375 0.534375 0.1078125
1 0.5078125 0.1890625 0.51875 0.1875 0.5234375 0.1921875 0.521875 0.2203125 0.515625 0.234375 0.4984375 0.2359375 0.4953125 0.23125 0.4953125 0.2203125 0.5015625 0.2 0.5078125 0.190625
1 0.265625 0.28125 0.26875 0.2875 0.2671875 0.2921875 0.26875 0.3109375 0.2671875 0.315625 0.2578125 0.321875 0.253125 0.31875 0.25 0.3078125 0.2515625 0.30625 0.25 0.3 0.2515625 0.2890625 0.259375 0.28125 0.2640625 0.28125
1 0.45625 0.2171875 0.465625 0.221875 0.4671875 0.234375 0.4640625 0.2421875 0.45 0.2578125 0.4453125 0.2609375 0.434375 0.2609375 0.43125 0.25625 0.43125 0.24375 0.440625 0.2265625 0.446875 0.2203125 0.4546875 0.21875
1 0.5609375 0.10625 0.5625 0.109375 0.5609375 0.1203125 0.5578125 0.1203125 0.5546875 0.115625 0.5546875 0.109375 0.559375 0.10625
1 0.5484375 0.12265625 0.01796875 0.01796875
1 0.50625 0.14140625 0.01875 0.021875
1 0.5203125 0.153125 0.521875 0.165625 0.51875 0.1734375 0.50625 0.1734375 0.503125 0.1671875 0.5046875 0.159375 0.5109375 0.15 0.51875 0.153125