2 0.5328125 0.1109375 0.5359375 0.1125 0.5359375 0.125 0.5328125 0.1296875 0.5234375 0.128125 0.525 0.1140625 0.53125 0.1109375
1 0.534375 0.1125 0.5359375 0.1265625 0.5328125 0.1296875 0.5234375 0.128125 0.525 0.115625 0.528125 0.1125 0.5328125 0.1125
1 0.9046875 0.45625 0.9171875 0.4828125 0.9140625 0.4953125 0.9109375 0.4953125 0.896875 0.4703125 0.903125 0.4578125
1 0.4765625 0.15 0.48125 0.1484375 0.4875 0.15 0.490625 0.146875 0.4953125 0.146875 0.4984375 0.15 0.4984375 0.165625 0.4921875 0.1734375 0.48125 0.18125 0.471875 0.18125 0.4640625 0.1734375 0.4640625 0.1703125 0.46875 0.165625 0.4703125 0.1578125 0.4765625 0.1515625
1 0.4109375 0.27265625 0.0390625 0.05390625
1 0.8484375 0.3375 0.85 0.3625 0.8390625 0.3734375 0.8328125 0.3703125 0.825 0.3578125 0.8234375 0.35 0.8265625 0.3421875 0.8328125 0.3375 0.846875 0.3375
1 0.5015625 0.5390625 0.509375 0.54375 0.5171875 0.5578125 0.51875 0.584375 0.515625 0.5984375 0.5078125 0.6125 0.49375 0.6546875 0.4890625 0.6625 0.484375 0.684375 0.475 0.69375 0.4640625 0.69375 0.4453125 0.684375 0.4375 0.6734375 0.4359375 0.6671875 0.4375 0.65 0.4484375 0.6046875 0.4703125 0.5609375 0.4796875 0.5453125 0.4875 0.5375 0.5 0.5390625
1 0.8109375 0.296875 0.8171875 0.303125 0.81875 0.309375 0.8171875 0.31875 0.809375 0.3203125 0.803125 0.3140625 0.803125 0.303125 0.8046875 0.3 0.809375 0.2984375
1 0.54375 0.090625 0.5484375 0.090625 0.5515625 0.1 0.5515625 0.10625 0.5421875 0.10625 0.54375 0.0921875
1 0.328125 0.2125 0.3328125 0.21875 0.334375 0.2265625 0.334375 0.2359375 0.3296875 0.24375 0.321875 0.24375 0.3140625 0.2390625 0.3140625 0.2203125 0.31875 0.2140625 0.3265625 0.2125
1 0.5203125 0.1234375 0.521875 0.1328125 0.5109375 0.1484375 0.503125 0.1484375 0.5015625 0.1375 0.5078125 0.1265625 0.51875 0.1234375
1 0.55625 0.075 0.5609375 0.075 0.5625 0.08125 0.5609375 0.0859375 0.55625 0.0859375 0.5546875 0.084375 0.55625 0.0765625
1 0.8296875 0.315625 0.834375 0.31875 0.8375 0.325 0.834375 0.3359375 0.8296875 0.3359375 0.8265625 0.3390625 0.815625 0.334375 0.815625 0.321875 0.821875 0.3140625 0.828125 0.315625
3 0.86875 0.5078125 0.871875 0.509375 0.871875 0.525 0.865625 0.5328125 0.8640625 0.54375 0.8625 0.5453125 0.859375 0.5421875 0.8609375 0.521875 0.86875 0.509375
3 0.8625 0.490625 0.865625 0.4921875 0.8625 0.5109375 0.85625 0.525 0.85625 0.5328125 0.853125 0.5328125 0.8515625 0.5296875 0.853125 0.5125 0.85625 0.509375 0.8578125 0.5 0.8625 0.4921875