2 0.840625 0.334375 0.84375 0.3375 0.8484375 0.334375 0.8515625 0.35 0.8484375 0.3671875 0.840625 0.3734375 0.8359375 0.3734375 0.8328125 0.3703125 0.8234375 0.353125 0.8234375 0.346875 0.8265625 0.340625 0.8390625 0.334375
1 0.5390625 0.1625 0.55 0.1625 0.553125 0.171875 0.5515625 0.184375 0.546875 0.1890625 0.5390625 0.190625 0.5328125 0.1890625 0.5328125 0.175 0.5390625 0.1640625
1 0.8375 0.3359375 0.8390625 0.3375 0.8484375 0.3359375 0.8515625 0.3546875 0.8484375 0.365625 0.840625 0.3734375 0.834375 0.3734375 0.8234375 0.3546875 0.8234375 0.346875 0.8265625 0.340625 0.83125 0.3375 0.8359375 0.3375
1 0.3234375 0.2125 0.328125 0.2140625 0.3328125 0.2203125 0.334375 0.234375 0.33125 0.24375 0.3234375 0.2453125 0.3140625 0.2390625 0.3140625 0.2203125 0.31875 0.2140625 0.321875 0.2140625
1 0.340625 0.2875 0.3484375 0.303125 0.3484375 0.3140625 0.321875 0.3390625 0.31875 0.346875 0.315625 0.3484375 0.3109375 0.3484375 0.30625 0.3453125 0.3046875 0.3375 0.30625 0.3234375 0.3234375 0.2953125 0.328125 0.290625 0.3390625 0.2875
1 0.2625 0.25 0.2671875 0.253125 0.271875 0.2625 0.271875 0.2734375 0.26875 0.2828125 0.2640625 0.2828125 0.259375 0.278125 0.25625 0.2703125 0.25625 0.259375 0.2609375 0.2515625
1 0.6125 0.2 0.621875 0.2 0.6265625 0.20625 0.6265625 0.23125 0.6234375 0.2390625 0.6078125 0.2421875 0.60625 0.2296875 0.609375 0.21875 0.609375 0.2078125 0.6125 0.2015625
1 0.1234375 0.365625 0.125 0.3875 0.1171875 0.4109375 0.1109375 0.4203125 0.10625 0.4203125 0.103125 0.4171875 0.1015625 0.4078125 0.1109375 0.378125 0.115625 0.3703125 0.121875 0.365625
1 0.759375 0.4453125 0.7765625 0.4578125 0.7890625 0.4625 0.8 0.475 0.815625 0.509375 0.815625 0.5234375 0.8109375 0.5375 0.790625 0.5359375 0.771875 0.503125 0.7578125 0.4890625 0.75 0.4859375 0.7453125 0.4734375 0.7453125 0.459375 0.7484375 0.4515625 0.7578125 0.4453125
1 0.9078125 0.47578125 0.02109375 0.040625
1 0.2515625 0.190625 0.25625 0.1953125 0.25625 0.203125 0.253125 0.2078125 0.25 0.2109375 0.24375 0.2109375 0.2421875 0.20625 0.2421875 0.1984375 0.25 0.1921875
1 0.628125 0.10625 0.00859375 0.015625
3 0.8359375 0.4625 0.8375 0.475 0.8328125 0.4828125 0.8265625 0.5078125 0.8234375 0.50625 0.8234375 0.490625 0.828125 0.4703125 0.83125 0.4640625 0.834375 0.4625