1 0.83125 0.728125 0.85 0.7484375 0.8546875 0.7484375 0.8625 0.75625 0.8875 0.7890625 0.89375 0.80625 0.8984375 0.8125 0.9015625 0.825 0.8984375 0.8484375 0.8953125 0.8515625 0.89375 0.865625 0.8859375 0.884375 0.884375 0.8859375 0.86875 0.8859375 0.8625 0.8890625 0.8578125 0.8859375 0.8546875 0.8765625 0.8546875 0.8625 0.8515625 0.8578125 0.8515625 0.8515625 0.8296875 0.8203125 0.8265625 0.809375 0.8265625 0.8 0.8171875 0.775 0.809375 0.7609375 0.81875 0.734375 0.825 0.728125 0.8296875 0.728125
1 0.615625 0.1984375 0.6234375 0.196875 0.6296875 0.203125 0.628125 0.228125 0.625 0.2328125 0.6203125 0.2328125 0.6125 0.228125 0.6109375 0.221875 0.6109375 0.2125 0.615625 0.2
1 0.9046875 0.4546875 0.9078125 0.4578125 0.9109375 0.4703125 0.9171875 0.48125 0.9140625 0.4953125 0.909375 0.49375 0.896875 0.4734375 0.8984375 0.4625 0.903125 0.45625
1 0.69375 0.64375 0.715625 0.671875 0.73125 0.678125 0.7390625 0.69375 0.7484375 0.70625 0.7484375 0.7109375 0.7390625 0.7109375 0.7234375 0.725 0.721875 0.7296875 0.703125 0.753125 0.703125 0.7578125 0.6953125 0.7734375 0.684375 0.7609375 0.6765625 0.740625 0.66875 0.7375 0.665625 0.73125 0.66875 0.7 0.675 0.68125 0.68125 0.65 0.6859375 0.6421875 0.6921875 0.64375
1 0.5296875 0.11875 0.5328125 0.1203125 0.534375 0.125 0.5328125 0.1328125 0.528125 0.1328125 0.525 0.1296875 0.525 0.1234375 0.528125 0.1203125
1 0.3296875 0.240625 0.02265625 0.03046875
1 0.25625 0.6046875 0.2671875 0.615625 0.271875 0.6265625 0.2734375 0.6546875 0.26875 0.6703125 0.2671875 0.6734375 0.2484375 0.6734375 0.2359375 0.690625 0.2328125 0.696875 0.234375 0.7 0.2328125 0.70625 0.228125 0.7125 0.2265625 0.7203125 0.225 0.746875 0.2203125 0.7484375 0.2171875 0.740625 0.2125 0.7375 0.2078125 0.740625 0.2078125 0.7453125 0.203125 0.75 0.1953125 0.74375 0.1890625 0.7265625 0.1859375 0.7234375 0.184375 0.7140625 0.1859375 0.6875 0.203125 0.653125 0.209375 0.646875 0.21875 0.63125 0.2265625 0.625 0.2296875 0.625 0.2484375 0.603125 0.2546875 0.6046875
1 0.8484375 0.3359375 0.8515625 0.353125 0.8515625 0.359375 0.8484375 0.3640625 0.8390625 0.3734375 0.8359375 0.3734375 0.8234375 0.3546875 0.825 0.34375 0.83125 0.3375 0.8359375 0.3359375 0.846875 0.3375
1 0.815625 0.2984375 0.8203125 0.3046875 0.8203125 0.3109375 0.8171875 0.31875 0.8140625 0.3203125 0.8078125 0.3203125 0.803125 0.315625 0.8015625 0.309375 0.803125 0.3015625 0.8078125 0.296875 0.8140625 0.2984375
1 0.4671875 0.1859375 0.465625 0.1828125 0.4671875 0.16875 0.471875 0.1625 0.4828125 0.15625 0.4890625 0.1625 0.4875 0.178125 0.4796875 0.1859375 0.46875 0.1859375
1 0.70625 0.55625 0.7203125 0.5625 0.728125 0.5703125 0.74375 0.575 0.7578125 0.5984375 0.7625 0.6015625 0.7734375 0.61875 0.775 0.634375 0.76875 0.6640625 0.7609375 0.6828125 0.746875 0.690625 0.740625 0.690625 0.7296875 0.6703125 0.725 0.65 0.71875 0.6390625 0.70625 0.6234375 0.6953125 0.6203125 0.69375 0.6171875 0.696875 0.578125 0.7046875 0.5578125
1 0.6296875 0.08828125 0.00859375 0.0125
1 0.8265625 0.315625 0.83125 0.3171875 0.8359375 0.3296875 0.834375 0.334375 0.825 0.340625 0.815625 0.334375 0.815625 0.321875 0.8203125 0.315625 0.825 0.315625
1 0.8421875 0.31875 0.8484375 0.325 0.8484375 0.3390625 0.8421875 0.3359375 0.834375 0.3359375 0.834375 0.325 0.840625 0.31875
1 0.5390625 0.00625 0.5421875 0.0140625 0.5375 0.015625 0.53125 0.0140625 0.53125 0.009375 0.5375 0.00625
3 0.8671875 0.50625 0.8703125 0.5078125 0.871875 0.5125 0.871875 0.521875 0.865625 0.5375 0.865625 0.54375 0.859375 0.5421875 0.8609375 0.525 0.8671875 0.5078125
3 0.8625 0.496875 0.8671875 0.4984375 0.8671875 0.5078125 0.859375 0.525 0.8578125 0.534375 0.8546875 0.534375 0.853125 0.53125 0.853125 0.5234375 0.859375 0.5078125 0.859375 0.5015625 0.8625 0.4984375