1 0.9046875 0.4546875 0.9078125 0.45625 0.9109375 0.46875 0.9171875 0.4796875 0.9171875 0.4890625 0.9140625 0.496875 0.909375 0.4953125 0.8984375 0.475 0.8984375 0.4640625 0.903125 0.45625
1 0.8484375 0.334375 0.8515625 0.35 0.8515625 0.359375 0.8484375 0.365625 0.8421875 0.371875 0.8375 0.3734375 0.8265625 0.3609375 0.8234375 0.353125 0.8265625 0.340625 0.8359375 0.3359375 0.840625 0.3375 0.846875 0.3359375
1 0.284375 0.1796875 0.290625 0.184375 0.290625 0.1890625 0.2859375 0.1984375 0.2828125 0.2 0.275 0.1984375 0.26875 0.190625 0.2734375 0.18125 0.2828125 0.1796875
1 0.3328125 0.2421875 0.02734375 0.034375
1 0.303125 0.2125 0.3078125 0.209375 0.3125 0.209375 0.31875 0.2125 0.3234375 0.2203125 0.3234375 0.228125 0.3203125 0.2359375 0.309375 0.240625 0.303125 0.23125 0.303125 0.2140625
1 0.8140625 0.2953125 0.821875 0.3 0.8265625 0.3078125 0.8234375 0.315625 0.8140625 0.3234375 0.8078125 0.31875 0.8046875 0.3109375 0.8046875 0.3015625 0.8125 0.296875
1 0.51875 0.0078125 0.521875 0.00625 0.5296875 0.0078125 0.5296875 0.0125 0.525 0.0140625 0.5203125 0.0140625 0.51875 0.009375
1 0.675 0.3984375 0.66875 0.3859375 0.6703125 0.3796875 0.675 0.375 0.6921875 0.375 0.7140625 0.4 0.725 0.403125 0.73125 0.409375 0.7328125 0.41875 0.728125 0.434375 0.7234375 0.434375 0.7125 0.4234375 0.7046875 0.4109375 0.7 0.409375 0.6921875 0.415625 0.6875 0.4078125 0.6765625 0.3984375
1 0.4765625 0.16796875 0.02578125 0.03359375
1 0.4921875 0.0046875 0.4984375 0.0046875 0.5046875 0.0109375 0.4921875 0.0125 0.490625 0.0109375 0.4921875 0.00625
1 0.58125 0.05 0.5859375 0.053125 0.5859375 0.0609375 0.578125 0.059375 0.5796875 0.0515625
1 0.6328125 0.0765625 0.634375 0.06875 0.6375 0.0703125 0.6375 0.078125 0.634375 0.0765625
1 0.825 0.31875 0.83125 0.3234375 0.8359375 0.31875 0.840625 0.31875 0.846875 0.325 0.8484375 0.340625 0.834375 0.3359375 0.8265625 0.340625 0.8234375 0.3484375 0.81875 0.3484375 0.815625 0.3296875 0.8171875 0.321875 0.8234375 0.31875
3 0.6890625 0.3203125 0.6921875 0.3203125 0.6953125 0.325 0.6953125 0.34375 0.6921875 0.3546875 0.6890625 0.35625 0.6859375 0.3515625 0.6859375 0.3296875 0.6890625 0.321875