1 0.9109375 0.496875 0.8984375 0.4734375 0.8984375 0.4640625 0.903125 0.4578125 0.909375 0.4640625 0.9171875 0.48125 0.9171875 0.4890625 0.9125 0.496875
1 0.8375 0.3359375 0.8484375 0.3421875 0.85 0.3609375 0.8421875 0.3734375 0.8390625 0.3734375 0.834375 0.36875 0.8234375 0.353125 0.8234375 0.346875 0.8265625 0.340625 0.8359375 0.3359375
1 0.55625 0.1421875 0.5609375 0.15 0.5609375 0.1578125 0.5578125 0.1640625 0.5546875 0.165625 0.55 0.165625 0.54375 0.1609375 0.54375 0.153125 0.5484375 0.14375 0.5546875 0.1421875
1 0.47265625 0.16953125 0.0265625 0.03046875
1 0.5140625 0.134375 0.01796875 0.025
1 0.5046875 0.1375 0.50625 0.1453125 0.5046875 0.1546875 0.5015625 0.1609375 0.49375 0.1640625 0.4875 0.1640625 0.4828125 0.1515625 0.4921875 0.1375 0.503125 0.1375
1 0.325 0.175 0.3265625 0.1765625 0.325 0.1890625 0.3203125 0.1890625 0.315625 0.1828125 0.3171875 0.1765625 0.3234375 0.175
1 0.2859375 0.1671875 0.290625 0.1703125 0.290625 0.1796875 0.2859375 0.184375 0.2796875 0.1859375 0.2765625 0.1828125 0.278125 0.175 0.284375 0.16875
1 0.5421875 0.1609375 0.5484375 0.1671875 0.54375 0.175 0.5421875 0.184375 0.5359375 0.1890625 0.53125 0.1890625 0.5265625 0.184375 0.5265625 0.175 0.53125 0.1703125 0.534375 0.1625 0.540625 0.1625
1 0.53125 0.11875 0.01484375 0.0234375
1 0.5140625 0.1640625 0.51875 0.171875 0.51875 0.178125 0.5140625 0.1859375 0.50625 0.1890625 0.5 0.1875 0.4984375 0.1796875 0.503125 0.1671875 0.5078125 0.1640625 0.5125 0.1640625
1 0.5546875 0.084375 0.009375 0.015625
1 0.5640625 0.065625 0.565625 0.05625 0.5703125 0.05625 0.571875 0.059375 0.571875 0.065625 0.565625 0.065625