2 0.5265625 0.1328125 0.5234375 0.125 0.525 0.1171875 0.528125 0.1140625 0.5328125 0.1140625 0.5375 0.1234375 0.534375 0.13125 0.5296875 0.134375 0.528125 0.1328125
1 0.6296875 0.121875 0.009375 0.015625
1 0.5265625 0.125 0.5296875 0.1296875 0.5296875 0.1375 0.5234375 0.14375 0.51875 0.14375 0.5171875 0.134375 0.525 0.125
1 0.540625 0.1 0.5421875 0.1015625 0.540625 0.115625 0.5359375 0.115625 0.5328125 0.1125 0.5328125 0.1015625 0.5390625 0.1
1 0.90625 0.45625 0.9109375 0.471875 0.9171875 0.4828125 0.9140625 0.4953125 0.909375 0.49375 0.8984375 0.471875 0.9 0.4609375 0.9046875 0.45625
1 0.1546875 0.31171875 0.01484375 0.0375
1 0.4921875 0.153125 0.496875 0.1578125 0.4953125 0.1703125 0.484375 0.18125 0.4796875 0.1828125 0.4703125 0.1796875 0.4703125 0.1640625 0.478125 0.15625 0.490625 0.153125
1 0.396875 0.3640625 0.403125 0.3671875 0.40625 0.375 0.40625 0.39375 0.3984375 0.4078125 0.390625 0.415625 0.3859375 0.415625 0.38125 0.4109375 0.3734375 0.4109375 0.3546875 0.415625 0.3453125 0.4234375 0.340625 0.4203125 0.3359375 0.4078125 0.3375 0.390625 0.346875 0.38125 0.359375 0.375 0.371875 0.3625 0.3828125 0.3609375 0.3953125 0.3640625
1 0.5234375 0.1671875 0.5203125 0.1515625 0.5234375 0.1453125 0.528125 0.1421875 0.5328125 0.1421875 0.534375 0.1484375 0.53125 0.1609375 0.525 0.1671875
1 0.840625 0.3375 0.8484375 0.340625 0.85 0.3609375 0.8390625 0.371875 0.834375 0.3703125 0.825 0.3546875 0.8265625 0.340625 0.83125 0.3375 0.8390625 0.3375
1 0.5328125 0.1140625 0.5359375 0.1171875 0.5359375 0.128125 0.5328125 0.1328125 0.528125 0.1328125 0.5234375 0.128125 0.525 0.1171875 0.53125 0.1140625
1 0.50625 0.1453125 0.5109375 0.15 0.5109375 0.153125 0.5046875 0.1609375 0.4984375 0.1640625 0.4953125 0.1515625 0.5046875 0.1453125
1 0.1140625 0.865625 0.1234375 0.8765625 0.128125 0.890625 0.1265625 0.9296875 0.1234375 0.940625 0.1125 0.9515625 0.109375 0.9609375 0.10625 0.9640625 0.0984375 0.965625 0.0625 0.965625 0.059375 0.9640625 0.059375 0.9390625 0.0703125 0.9078125 0.08125 0.890625 0.1046875 0.8671875 0.1125 0.865625
1 0.5640625 0.059375 0.5640625 0.071875 0.559375 0.075 0.5546875 0.071875 0.5546875 0.0671875 0.55625 0.0625 0.5625 0.059375
1 0.303125 0.2546875 0.3078125 0.265625 0.309375 0.2796875 0.3 0.2859375 0.29375 0.2859375 0.2921875 0.2828125 0.290625 0.2625 0.3015625 0.2546875
1 0.8203125 0.3 0.8234375 0.3046875 0.821875 0.3171875 0.81875 0.3234375 0.8078125 0.321875 0.8046875 0.3078125 0.8078125 0.3 0.81875 0.3
1 0.61875 0.2140625 0.621875 0.21875 0.621875 0.240625 0.61875 0.2484375 0.609375 0.2484375 0.603125 0.2421875 0.603125 0.228125 0.6078125 0.215625 0.6109375 0.2125 0.6171875 0.2140625
1 0.51875 0.1375 0.0171875 0.01640625
1 0.55 0.0796875 0.5546875 0.078125 0.5578125 0.08125 0.5578125 0.090625 0.5546875 0.0953125 0.55 0.0953125 0.546875 0.0921875 0.546875 0.084375 0.55 0.08125
1 0.33125 0.221875 0.3359375 0.225 0.340625 0.2390625 0.340625 0.2484375 0.3359375 0.2515625 0.3296875 0.2515625 0.31875 0.2453125 0.3171875 0.2421875 0.31875 0.228125 0.3296875 0.221875
1 0.15 0.5671875 0.05234375 0.0875
1 0.5421875 0.128125 0.5453125 0.13125 0.5453125 0.14375 0.540625 0.1484375 0.534375 0.1484375 0.53125 0.14375 0.5328125 0.1375 0.540625 0.128125
1 0.5078125 0.1578125 0.5140625 0.1546875 0.51875 0.1546875 0.521875 0.1578125 0.521875 0.16875 0.51875 0.1734375 0.5171875 0.1828125 0.5109375 0.1875 0.496875 0.1859375 0.4953125 0.1828125 0.5 0.1671875 0.5078125 0.159375
1 0.58125 0.3984375 0.6125 0.4015625 0.63125 0.4171875 0.634375 0.425 0.6328125 0.471875 0.625 0.4796875 0.6140625 0.48125 0.609375 0.4859375 0.60625 0.4859375 0.603125 0.48125 0.6015625 0.4671875 0.584375 0.4484375 0.5765625 0.4421875 0.5671875 0.446875 0.5640625 0.4453125 0.5609375 0.4390625 0.559375 0.4234375 0.5609375 0.4125 0.5671875 0.403125 0.575 0.3984375 0.5796875 0.3984375
1 0.62890625 0.1640625 0.015625 0.025